840
225 838
791 95
721 350
517 448
503 49
141 104
23 63
808 403
78 337
541 184
344 295
371 54
61 1
309 75
623 318
15 643
5 197
692 188
91 77
61 86
665 283
153 144
404 286
648 355
245 132
321 9
176 490
684 520
447 497
329 554
194 196
296 818
177 315
310 634
724 793
777 772
79 78
216 106
307 80
349 427
564 164
239 601
20 56
46 59
637 405
420 603
348 127
211 231
84 717
211 235
403 796
685 458
53 14
521 288
654 1
205 372
661 788
173 210
9 698
732 524
780 305
600 450
668 47
389 263
713 62
522 273
267 446
443 179
146 193
219 13
74 20
797 139
58 57
166 159
330 123
50 218
170 819
393 607
727 586
364 428
9 50
194 56
147 532
297 140
794 812
711 593
14 342
714 144
658 163
781 220
221 117
80 89
298 729
62 373
757 619
137 222
215 690
678 806
312 562
605 525
437 478
840 808
190 184
57 42
18 728
123 308
584 676
653 199
252 6
300 50
209 21
420 255
67 36
15 511
358 30
111 133
778 557
92 200
578 530
331 259
343 635
620 673
120 489
109 408
467 65
2 9
14 11
362 418
680 623
1 186
611 499
525 265
31 72
350 514
19 62
243 810
301 232
3 10
97 811
12 24
35 16
577 485
45 22
116 62
100 566
122 295
317 23
183 425
469 339
317 584
587 281
98 102
98 61
78 214
417 405
73 167
222 399
62 453
244 61
311 183
4 8
96 449
247 48
659 745
571 200
251 95
417 700
43 508
32 103
15 39
96 12
457 464
152 107
710 302
447 461
475 50
328 163
234 677
409 488
512 390
181 146
33 1
272 597
75 138
108 100
836 816
130 21
263 198
360 57
375 59
68 150
74 159
287 361
28 191
159 350
6 26
88 323
24 829
428 708
545 532
40 234
118 172
26 82
147 563
606 3
293 462
34 28
495 72
561 284
181 291
163 100
589 176
94 66
351 681
80 242
75 49
729 820
149 632
477 47
512 743
467 555
432 12
276 306
372 504
738 260
352 4
583 566
298 760
447 526
91 436
198 88
65 817
12 55
334 639
628 91
480 430
379 699
428 837
27 7
459 342
461 485
270 70
537 239
102 773
784 39
270 343
121 257
376 225
168 14
319 123
553 541
821 36
805 30
182 149
815 285
548 534
47 51
90 652
481 662
803 82
117 89
53 493
761 704
218 374
94 354
362 154
151 120
496 718
14 18
60 204
292 332
173 542
205 96
781 794
598 53
384 215
177 113
587 779
474 267
386 5
356 337
283 370
179 3
599 173
147 472
103 591
188 15
696 507
661 660
65 63
517 530
68 20
161 377
104 31
4 121
414 34
41 105
509 133
307 733
40 43
507 310
81 73
749 161
155 141
127 106
10 119
53 439
295 767
400 346
264 310
483 336
191 582
173 88
34 145
405 232
13 8
239 286
656 264
239 127
193 333
689 645
705 151
437 38
487 770
7 64
585 165
153 675
272 646
608 493
400 709
26 41
772 545
170 13
338 130
326 51
567 559
32 185
3 88
835 174
284 612
227 190
720 217
272 229
158 25
434 231
402 751
81 154
203 630
1 7
317 586
814 435
1 4
775 193
247 433
27 388
179 324
84 76
8 19
95 11
66 38
124 401
368 686
366 765
392 285
456 159
187 164
40 25
304 341
496 364
651 370
109 430
68 176
195 833
152 192
93 70
17 122
73 11
679 389
152 240
12 380
768 66
719 150
28 22
491 365
325 261
7 565
100 422
727 782
284 329
88 203
228 103
78 161
790 372
629 413
54 25
112 694
678 626
437 786
6 146
241 391
99 382
619 222
373 787
536 39
110 112
120 826
115 10
128 100
358 615
21 396
677 804
80 34
144 54
92 76
99 78
415 205
206 75
225 110
402 457
240 268
706 312
518 59
816 735
2 113
739 100
189 173
265 223
2 5
524 742
91 524
289 65
523 123
140 14
242 359
58 569
136 57
424 324
232 63
621 39
342 438
200 288
26 134
273 581
171 76
50 129
90 355
267 618
127 271
201 87
237 43
789 620
293 174
329 572
213 298
385 19
19 107
595 126
544 467
299 130
402 167
756 613
468 218
771 166
106 14
766 624
7 22
666 167
148 229
202 224
504 551
337 357
755 143
23 494
169 84
199 281
4 36
419 226
80 156
98 691
506 468
256 241
667 278
9 124
263 290
262 650
610 831
349 725
223 196
249 229
747 88
89 132
12 287
366 13
602 366
527 23
363 448
575 179
302 277
276 130
179 305
735 91
2 44
147 758
191 322
71 215
465 29
763 221
481 596
75 423
397 162
592 11
532 759
29 32
165 67
351 590
106 610
389 783
18 123
625 190
716 43
410 411
809 153
827 345
295 473
407 139
123 277
282 447
177 682
25 9
78 38
736 287
679 722
664 626
556 271
195 108
70 40
824 65
44 164
117 259
245 616
147 53
238 66
250 54
741 549
353 307
220 292
776 206
16 8
5 38
647 53
644 236
320 191
175 114
278 175
91 363
440 141
638 273
452 316
281 529
284 244
434 557
294 262
394 576
801 551
410 130
659 514
71 20
184 115
103 283
78 383
313 3
318 533
774 740
287 695
484 558
676 731
246 17
487 65
671 105
431 394
158 764
412 173
622 124
131 7
77 68
160 253
346 176
393 261
663 508
293 730
290 395
470 420
56 750
453 715
409 30
183 641
23 15
364 31
27 505
382 451
30 25
245 312
236 669
120 61
37 693
360 481
402 466
155 340
573 194
182 421
753 792
369 306
627 442
574 394
723 376
333 515
425 535
474 580
510 203
211 266
31 49
280 171
540 440
97 126
502 117
707 104
71 444
476 620
192 345
547 254
133 160
114 26
261 77
368 249
413 48
292 403
538 115
828 566
560 537
631 523
211 296
167 314
748 529
74 100
149 82
830 236
41 47
674 673
144 513
579 571
645 233
6 3
45 528
731 813
125 74
233 617
178 832
189 241
64 327
795 786
42 111
531 448
59 285
458 70
127 445
46 135
670 391
737 625
50 785
457 798
220 44
86 672
37 26
334 624
703 271
32 148
135 688
211 53
476 96
55 233
146 559
348 613
429 409
740 313
100 378
148 213
66 697
198 230
316 57
114 479
807 756
1 11
640 587
174 12
225 282
500 420
305 381
482 39
37 142
111 486
454 136
588 420
279 99
712 462
206 258
339 240
166 243
41 42
518 594
110 79
46 17
498 113
262 128
570 463
141 269
99 275
8 76
262 657
800 211
390 362
494 604
254 115
71 83
15 11
261 753
293 463
655 47
398 305
90 76
139 5
649 71
109 248
157 51
207 68
199 55
746 566
208 3
82 202
274 201
822 242
626 70
543 157
118 110
701 1
327 501
87 81
2 3
387 101
327 568
241 426
150 334
744 146
332 365
226 273
593 217
455 279
704 501
32 180
311 799
341 734
335 187
601 683
69 5
55 351
81 484
379 125
267 208
396 802
724 30
550 174
539 153
217 131
687 555
137 10
55 60
151 347
636 368
5 12
2 48
823 82
9 52
123 183
416 39
834 408
752 15
101 80
143 44
754 71
231 702
404 839
339 519
61 226
336 111
37 236
378 406
164 769
162 81
84 178
112 255
319 614
256 633
28 534
442 361
303 113
499 304
5 97
762 239
53 349
492 294
306 318
447 552
660 202
2 1
435 259
